#       Energy(Ry)            Total                 X                  Y                   Z
      0.34081750E+00      0.14605393E-02      0.29696810E-03      0.43071532E-03      0.73285591E-03
      0.33395351E+00      0.99162270E-01      0.89945107E-01      0.82646470E-03      0.83906986E-02
      0.34248343E+00      0.88963823E-02      0.39470726E-03      0.39351885E-02      0.45664865E-02
      0.34470517E+00      0.93803629E-03      0.90690697E-03      0.11609062E-04      0.19520258E-04
      0.34561637E+00      0.38205222E-01      0.25797399E-01      0.26652766E-02      0.97425459E-02
      0.28488862E+00      0.70899273E-01      0.24241165E-02      0.21380970E-01      0.47094187E-01
      0.28706384E+00      0.35587246E-02      0.76929370E-03      0.23934522E-02      0.39597864E-03
      0.28773941E+00      0.52067623E-02      0.97854558E-03      0.24378498E-02      0.17903670E-02
      0.28824834E+00      0.17123576E-02      0.70220342E-04      0.35916832E-03      0.12829690E-02
      0.29062726E+00      0.74000977E-02      0.67816980E-02      0.40638052E-04      0.57776167E-03
      0.27813030E+00      0.89073712E-02      0.74265743E-02      0.78738738E-04      0.14020582E-02
      0.29207372E+00      0.43072392E-02      0.11123784E-03      0.13689317E-02      0.28270697E-02
      0.29271045E+00      0.13261499E-01      0.44324565E-03      0.82191490E-02      0.45991043E-02
      0.23181006E+00      0.61215166E-01      0.20584923E-01      0.19375900E-01      0.21254343E-01
      0.23248550E+00      0.10019286E-02      0.91802335E-03      0.75967666E-04      0.79376107E-05
      0.23081601E+00      0.12317784E+00      0.14396400E-01      0.19939661E-01      0.88841781E-01
      0.23048284E+00      0.52832136E-01      0.60454230E-02      0.78803361E-02      0.38906377E-01
      0.22958791E+00      0.18991816E-02      0.76861814E-04      0.18096953E-02      0.12624483E-04
      0.18799305E+00      0.21245275E+00      0.28473859E-02      0.85343774E-01      0.12426159E+00
      0.19226891E+00      0.19331103E+01      0.42872655E-02      0.71243042E+00      0.12163926E+01
      0.19400686E+00      0.29683025E-03      0.15132378E-03      0.14157277E-03      0.39336936E-05
      0.18415883E+00      0.20081665E-02      0.29459307E-05      0.93730799E-03      0.10679126E-02
      0.19606284E+00      0.92207538E+00      0.17634040E-01      0.42792889E+00      0.47651245E+00
      0.19752604E+00      0.33240377E-03      0.38369371E-06      0.14839703E-03      0.18362305E-03
      0.17491059E+00      0.10181120E+00      0.57690120E-02      0.75110297E-01      0.20931896E-01
      0.17285860E+00      0.59419922E-03      0.18540867E-04      0.19484549E-03      0.38081286E-03
