Energy(Ry)	Total
0.171455821	2.36E-02
0.171614579	6.71E-13
0.173515258	1.40E-04
0.173763684	6.34E-16
0.175491641	7.28E-02
0.17554897	7.06E-16
0.176294983	5.73E-17
0.176605883	9.17E-03
0.179018114	1.77E-14
0.179137917	3.32E-04
0.181148109	6.93E-12
0.181173099	5.41E-03
0.184196105	1.91E-02
0.184473931	1.56E-13
0.185274333	3.53E-16
0.18544926	3.55E-02
0.185569063	1.16E-14
0.185605812	5.58E-03
0.186613481	2.01E-13
0.18700082	3.42E-02
0.187178687	1.93E-02
0.18760645	2.81E-14
0.188632493	6.31E-04
0.189144045	2.34E-16
0.189848899	2.94E-04
0.189884913	1.12E-13
0.19071104	1.53E-03
0.190880087	1.07E-14
0.192095757	5.15E-14
0.192457371	6.25E-02
0.192513966	3.23E-15
0.193251159	2.02E-02
0.193942782	2.76E-14
0.194279407	2.64E-01
0.194292637	2.68E-12
0.194365401	3.59E-01
0.195984579	1.91E-02
0.196101442	6.17E-13
0.197508945	6.81E-03
0.197567009	3.76E-13
0.197832339	2.65E-02
0.197930828	9.13E-02
0.198073416	6.91E-14
0.198357856	6.40E-14
0.198692276	1.07E-14
0.198947316	1.79E-12
0.198981126	8.01E-03
0.199019345	3.69E-02
0.199174428	1.99E-02
0.199245722	4.41E-13
0.199752863	1.92E-15
0.199943225	1.41E-02
0.199956455	1.37E-12
0.19999394	1.10E-05
0.200626029	7.08E-17
0.200861225	5.19E-03
0.205387282	2.08E-13
0.205529135	1.59E-13
0.205537955	1.27E-02
0.205697447	2.65E-03
0.213125972	8.37E-16
0.213435402	6.36E-15
0.215237593	4.61E-01
0.216074009	2.24E-12
0.216551017	1.79E+00
0.218088612	4.36E-03
0.218786115	8.17E-14
0.219349116	9.30E-01
0.220828647	2.19E-14
0.221497487	2.47E-01
0.221521006	9.08E-14
0.22191496	2.99E-02
0.223424625	5.02E-14
0.223618662	3.25E-03
0.225984589	1.29E-02
0.226028688	3.49E-12
0.227939657	1.46E-15
0.228324056	5.08E-03
0.228823113	7.53E-15
0.229017885	8.41E-03
0.229134013	2.99E-15
0.230054953	8.74E-03
0.230196071	7.33E-04
0.230301174	7.29E-04
0.230480511	3.10E-02
0.230608399	1.09E-14
0.230617954	2.46E-13
0.230734817	8.02E-03
0.231047187	2.15E-15
0.231429381	6.34E-15
0.231691037	1.37E-14
0.231863759	1.14E-02
0.231883604	1.55E-02
0.232325331	3.99E-03
0.232421615	1.44E-13
0.232495114	1.60E-14
0.232731045	6.30E-02
0.233154398	5.76E-14
0.234217926	3.95E-04
0.234439157	9.13E-03
0.234461207	2.59E-12
0.234699343	1.31E-14
0.235024208	7.92E-03
0.235213835	7.84E-15
0.235424776	5.97E-16
0.23553429	2.62E-03
0.235643068	5.60E-03
0.235733471	3.20E-15
0.237373965	1.33E-15
0.237428354	2.70E-16
0.237859057	9.65E-03
0.238156727	1.68E-14
0.238191272	9.39E-03
0.238333124	7.75E-03
0.238381633	7.38E-16
0.238807192	3.37E-04
0.240180149	4.21E-02
0.240240418	3.47E-14
0.240321267	3.31E-03
0.240378596	8.80E-15
0.240524859	4.07E-03
0.240814444	1.35E-15
0.241820643	5.58E-03
0.242211657	6.89E-13
0.242257961	1.43E-02
0.242489482	6.64E-03
0.242542401	1.43E-14
0.242651914	2.17E-03
0.242829047	1.47E-15
0.243130392	5.74E-16
0.243182576	3.85E-14
0.243253135	2.24E-16
0.243455256	1.61E-02
0.243733082	5.74E-15
0.24384039	2.22E-04
0.244178485	2.00E-02
0.24478044	1.34E-02
0.244815719	3.56E-15
0.244841444	3.19E-14
0.244892893	1.29E-03
0.245619796	5.29E-02
0.246332735	8.72E-15
0.246850166	1.14E-03
0.246938365	1.38E-14
0.247388178	2.01E-15
0.247646894	7.70E-15
0.247664533	3.30E-04
0.24814742	6.38E-17
0.248271633	2.07E-02
0.248858154	4.68E-04
0.248866974	1.03E-02
0.249113195	4.34E-15
0.251224816	1.02E-14
0.251562175	2.70E-01
0.251817951	1.74E-01
0.252291283	7.57E-02
0.252467681	1.85E-14
0.252577929	3.38E-13
0.252639668	1.11E-01
0.252788135	1.92E-02
0.253041706	1.15E-14
0.253068901	4.66E-13
0.253196789	7.91E-02
0.253836228	1.61E-14
0.260895054	7.78E-04
0.261009712	2.18E-03
0.261658707	1.93E-16
0.261783655	5.82E-16
0.263419738	5.42E-17
0.26457661	2.38E-15
0.265479175	5.79E-02
0.266144339	1.59E-02
0.269406952	1.34E-03
0.269857499	7.41E-02
0.270247043	1.38E-16
0.270682156	6.20E-15
0.273417782	7.07E-03
0.273421457	2.29E-15
0.273522885	1.64E-14
0.274188784	5.89E-16
0.274273308	1.70E-02
0.274330637	7.20E-03
0.274873793	4.88E-02
0.275250107	1.29E-03
0.275965985	1.15E-16
0.276185012	1.97E-15
0.277795371	4.40E-02
0.278252533	1.74E-14
0.278307658	8.84E-03
0.278678092	4.35E-02
0.278963267	1.10E-13
0.279329291	1.67E-16
0.279567427	8.23E-16
0.279920956	5.60E-03
0.280752228	6.11E-18
0.281442382	4.10E-03
0.281550425	6.41E-02
0.282121511	8.12E-16
0.282539719	2.60E-14
0.283797284	3.66E-08
0.283914882	8.78E-02
0.284153018	6.68E-14
0.284406589	8.21E-04
0.284591806	2.26E-15
0.28527608	1.08E-02
0.285739857	1.59E-17
0.287009182	2.98E-02
0.287297297	9.50E-03
0.288318931	1.14E-16
0.28863424	1.16E-03
0.288789323	6.84E-16
0.28928397	1.45E-02
0.289315574	3.46E-12
0.289329539	4.18E-02
0.289919735	1.46E-02
0.289982944	7.11E-14
0.290412912	9.14E-04
0.290547415	1.87E-14
0.29114643	1.80E-17
0.291279463	1.28E-15
0.291484524	5.73E-15
0.291515394	4.09E-15
0.291793954	3.52E-03
0.291903468	5.89E-17
0.292065165	6.17E-15
0.292187173	5.85E-02
0.292293746	4.91E-03
0.292484108	4.17E-02
0.292608321	1.25E-14
0.292904521	8.04E-02
0.293030939	3.22E-14
0.293051519	3.95E-16
0.293080184	3.71E-03
0.293338164	1.05E-13
0.293385939	2.45E-03
0.293628485	3.84E-02
0.293837221	5.02E-17
0.294065803	5.28E-14
0.294329663	1.43E-01
0.294425947	1.76E-02
0.29455457	3.46E-02
0.294594994	1.55E-13
0.294640563	4.94E-13
0.295117571	1.05E-01
0.29515873	1.98E-13
0.295651172	2.46E-02
0.295676162	9.15E-15
0.296139204	1.07E-03
0.296505963	1.30E-02
0.296575787	5.38E-16
0.296773499	1.48E-02
0.296799223	7.59E-02
0.297018985	9.53E-02
0.297197587	1.15E-03
0.297433518	8.58E-16
0.297737803	8.90E-16
0.298076633	2.08E-15
0.298135432	5.20E-03
0.298378713	7.32E-16
0.298608764	1.61E-15
0.298965968	8.55E-15
0.299280543	3.04E-02
0.299498835	6.86E-14
0.300551338	2.35E-16
0.300594702	2.83E-02
0.300798294	5.81E-03
0.300971016	4.00E-03
0.301034225	2.82E-13
0.301262071	1.37E-02
0.301285591	3.38E-12
0.301442143	4.72E-02
0.301738343	1.60E-14
0.302120537	3.73E-16
0.302550505	1.04E-02
0.30255565	4.07E-02
0.302634294	5.55E-14
0.303057647	6.99E-14
0.303132616	1.71E-02
0.303364137	2.88E-02
0.303747801	5.86E-03
0.303791165	1.01E-14
0.303862459	3.71E-03
0.30409251	4.94E-14
0.304365191	4.01E-12
0.304374746	5.32E-03
0.304537178	1.76E-03
0.304598182	6.88E-15
0.304656246	1.29E-14
0.304779724	6.71E-05
0.304954651	4.42E-02
0.305148688	1.20E-16
0.305397114	1.27E-16
0.305628636	6.59E-02
0.30563525	4.80E-05
0.305741089	2.02E-14
0.305900581	2.26E-15
0.306020384	4.39E-02
0.306161502	9.71E-14
0.306185757	8.28E-15
0.306344514	1.53E-02
0.306621604	6.61E-02
0.306717888	3.20E-02
0.306721563	1.85E-13
0.307268394	6.19E-14
0.307360268	9.82E-16
0.307361003	4.95E-13
0.307446261	5.52E-02
0.307551364	1.24E-15
0.307635153	1.66E-15
0.30811363	9.18E-15
0.308240048	6.86E-02
0.308294437	1.94E-02
0.308379696	2.54E-12
0.308390721	3.94E-02
0.308600927	5.36E-14
0.308780265	9.60E-16
0.308893453	5.45E-01
0.308970626	1.17E-14
0.309406474	2.52E-02
0.309522603	7.57E-02
0.310092218	4.47E-02
0.310165717	8.27E-15
0.310278905	2.83E-16
0.310653749	5.15E-03
0.311039618	6.49E-02
0.311663623	1.39E-16
0.311783426	1.51E-14
0.31187236	3.29E-02
0.311995103	3.92E-03
0.312230299	1.21E-14
0.312339812	7.27E-03
0.312348632	4.75E-15
0.312627927	8.73E-03
0.31335924	5.03E-02
0.313456259	7.87E-14
0.313887697	1.58E-02
0.313893577	1.42E-14
0.313970751	9.85E-04
0.314421298	4.95E-16
0.31459843	1.01E-14
0.31495343	2.44E-06
0.315049713	5.26E-16
0.315182746	2.45E-02
0.315601689	8.04E-03
0.315695768	3.40E-03
0.315925084	1.88E-15
0.316352112	9.55E-16
0.316391801	7.05E-02
0.316407236	1.09E-12
0.31678943	1.29E-02
0.316845289	3.31E-02
0.317247328	2.29E-02
0.317434015	1.20E-15
0.317450184	2.88E-15
0.317644956	8.06E-16
0.31802421	1.72E-03
0.31804038	5.26E-02
0.318282926	1.59E-14
0.318430658	1.49E-02
0.318698929	2.32E-14
0.318778308	5.71E-03
0.319042904	2.07E-02
0.319071568	2.05E-14
0.319323669	1.58E-14
0.319757312	1.86E-01
0.319846246	9.81E-03
0.319928564	7.28E-14
0.320251224	4.58E-02
0.320653262	1.82E-15
0.321225818	4.59E-15
0.32142794	1.13E-02
0.321678571	3.27E-14
0.321998291	2.16E-02
0.322000496	1.12E-13
0.322193798	1.58E-02
0.322466478	1.23E-15
0.322503228	1.35E-14
0.322582606	2.20E-02
0.322883951	2.01E-03
0.323266145	1.19E-14
0.323377863	3.04E-03
0.323602035	3.61E-16
0.323779167	1.96E-02
0.323968059	2.39E-02
0.324295129	3.25E-15
0.324333348	1.14E-14
0.324936773	3.07E-03
0.324939713	8.61E-15
0.325072011	2.84E-04
0.325278543	1.26E-02
0.325554163	7.22E-04
0.325582828	1.03E-14
0.325640892	2.74E-16
0.325716596	1.22E-16
0.32573644	4.04E-16
0.326106139	2.23E-02
0.326128189	1.04E-03
0.326474368	2.47E-02
0.326556687	3.00E-15
0.32667943	9.45E-18
0.32669266	1.34E-14
0.327044719	5.81E-03
0.327117483	1.44E-03
0.327224791	3.82E-15
0.327360029	1.09E-15
0.327429118	1.29E-14
0.32762977	1.49E-03
0.327871581	6.77E-02
0.328355938	2.85E-16
0.328854995	2.38E-15
0.328943928	2.61E-02
0.328999787	4.19E-17
0.329276143	3.77E-03
0.32976491	2.56E-15
0.330201493	8.30E-16
0.330338936	4.21E-12
0.330343346	3.23E-02
0.330450654	5.75E-03
0.330844608	4.52E-15
0.330996015	1.05E-02
0.331342195	3.34E-16
0.331424513	1.37E-16
0.331582536	9.84E-04
0.33193386	8.09E-02
0.332008829	6.97E-04
0.33223741	2.41E-03
0.332967253	2.91E-15
0.333024582	7.69E-15
0.333087056	3.17E-02
0.333521434	1.13E-02
0.334081495	4.74E-02
0.334271122	3.59E-02
0.334285822	2.92E-03
0.33442106	1.75E-02
0.334658461	3.91E-14
0.334834123	3.94E-13
0.334852498	8.65E-03
0.33502375	5.74E-16
0.335468418	5.31E-02
0.335556616	1.53E-13
0.335697734	1.49E-15
0.335705819	2.21E-02
0.335777113	7.69E-15
0.33592705	1.28E-02
0.336040974	1.27E-14
0.336265145	2.55E-15
0.336508426	3.70E-04
0.336509161	6.12E-12
0.336740682	4.18E-15
0.336795071	1.91E-03
0.336845786	2.32E-15
0.336964854	4.42E-14
0.337127286	6.09E-02
0.33720593	7.85E-15
0.337241944	9.30E-03
0.337438921	1.19E-03
0.337464646	8.47E-15
0.337627078	2.16E-15
0.337632958	1.18E-03
0.337739531	6.56E-02
0.337906373	2.89E-16
0.338016622	6.24E-03
0.33808571	1.22E-14
0.338218743	4.65E-03
0.338278277	3.72E-15
0.338326052	2.78E-03
0.33841425	9.47E-15
0.338495099	1.45E-06
0.338545078	6.72E-03
0.338620782	5.35E-13
0.338648711	1.20E-03
0.338992686	1.45E-15
0.33902723	1.83E-02
0.339445438	3.14E-15
0.339529227	4.40E-03
0.339548337	9.70E-13
0.339578471	2.14E-02
0.339635065	1.89E-13
0.340031959	2.51E-03
0.340042984	1.91E-02
0.340165727	2.94E-03
0.340188511	2.38E-12
0.340190716	6.13E-02
0.340194391	1.68E-11
0.340384753	1.46E-16
0.340495736	5.52E-03
0.34060672	3.45E-14
0.340622154	3.89E-03
0.340804431	1.87E-15
0.340937464	2.07E-03
0.340965394	1.28E-13
0.34120647	5.05E-15
0.341562204	3.53E-03
0.341607038	4.80E-02
0.341642318	7.59E-13
0.341705527	1.51E-02
0.341769471	9.54E-03
0.34183709	6.94E-15
0.342217814	8.62E-15
0.342275878	6.92E-16
