ATOMIC_POSITIONS (angstrom)
O            -4.4840421883        3.9358902816        9.2767607617
O             0.0234909261        4.0928120354       10.8567856056
O             3.6620774919        5.2986404307       12.0579264263
N            -7.3000867089        2.7801480751       12.8901962430
C            -1.7525356633        1.5348081438       13.0261066510
H            -2.1974116374        2.3669351267       13.5672150822
C            -0.9073943656        0.6544823508       13.6757779420
H            -0.6630108051        0.7883396736       14.7297097530
C            -0.3029609473        5.2142833342       13.0018602472
H             0.4031759103        4.5817761414       13.5304576900
C            -0.5816618127        5.0160719679       11.6484910290
C            -1.5063924913        0.2227443780       10.9983227308
H            -1.7135844797        0.0647553122        9.9431640664
C            -2.0558906794        1.3308531889       11.6547178985
C            -2.8777592399        2.2274414177       10.8780678110
H            -3.0365703808        1.9589000797        9.8326998926
C            -3.4489362330        3.3654686568       11.3348963686
H            -3.3125954235        3.6514164191       12.3724697968
C            -4.3401818415        4.1723839061       10.4938604163
C            -5.0829497039        5.2771125600       11.1390894065
C            -5.9101401664        0.4566412900       10.3431805511
H            -5.9673451591        0.2387925065        9.2780588562
C            -6.6471028319        1.4839463207       10.9017843341
H            -7.2883633630        2.0981280213       10.2751336169
C            -6.5736245939        1.7534170969       12.2833817812
C            -5.7190527264        0.9681410372       13.0771135921
H            -5.6407857716        1.1793707015       14.1411807069
C            -5.0085679432        5.5538038372       12.5193663522
H            -4.3800098430        4.9543301147       13.1718058563
C            -8.5125193717        2.9843159359       12.4971131237
H            -9.0000384648        2.3174804639       11.7683053167
C            -9.3271737455        4.1004220614       12.9500398986
C             5.6981519286        4.2114563321       12.3786522108
H             5.3640182128        3.4547934293       11.6687951401
C             4.8777852339        5.2915157661       12.6907607363
C             5.3028220159        0.6303966656       13.6013799614
H             4.6752347138        1.4717460760       13.8797144226
C            -9.7149883548        0.5125822848       14.1717569784
H            -9.3898472526        1.2754158078       14.8781201834
C            -8.8786151933        5.0848584711       13.8544703596
H            -7.8842342107        5.0016548241       14.2851650393
C             1.0221362076        3.2842533447       11.4861029084
H             1.4155804392        2.6451592347       10.6960968477
H             0.5694304438        2.6758844724       12.2864412602
H             1.8294305101        3.9043703931       11.8966533460
C             2.8560897113        0.8381805172       12.2142489344
H             1.9770856715        0.6777688029       11.5858240233
H             3.4016741877        1.7317248744       11.8682490972
H             2.5342200108        0.9707083012       13.2557869376
O            13.1413996083        1.1206902816        0.5036467683
O            -6.6454186561        1.2776120354       18.4844369944
O           -10.2840052319        2.4834404307       17.2832961737
N             0.6781589689        5.5953480751       16.4510263570
C            -4.8693920767        4.3500081438       16.3151159490
H            -4.4245161026        5.1821351267       15.7740075178
C            -5.7145333644        3.4696823508       15.6654446580
H            -5.9589169349        3.6035396736       14.6115128470
C            -6.3189667927        2.3990833342       16.3393623428
H            -7.0251036503        1.7665761414       15.8107649100
C            -6.0402659273        2.2008719679       17.6927315710
C            -5.1155352387        3.0379443780       18.3428998592
H            -4.9083432603        2.8799553122       19.3980585336
C            -4.5660370606        4.1460531889       17.6865047015
C            -3.7441684901        5.0426414177       18.4631547890
H            -3.5853573492        4.7741000797       19.5085227074
C            -3.1729915070        0.5502686568       18.0063262314
H            -3.3093323165        0.8362164191       16.9687528032
C            -2.2817458985        1.3571839061       18.8473621837
C            -1.5389780361        2.4619125600       18.2021331935
C            -0.7117875736        3.2718412900       18.9980420489
H            14.6247025791        3.0539925065        0.5023486738
C             0.0251750919        4.2991463207       18.4394382659
H             0.6664356330        4.9133280213       19.0660889831
C            -0.0483031461        4.5686170969       17.0578408188
C            -0.9028750136        3.7833410372       16.2641090079
H            -0.9811419584        3.9945707015       15.2000418831
C            -1.6133597968        2.7386038372       16.8218562478
H            -2.2419178970        2.1391301147       16.1694167437
C             1.8905916317        0.1691159359       16.8441094763
H             2.3781107248        5.1326804639       17.5729172733
C             2.7052460055        1.2852220614       16.3911827014
C           -12.3200796686        1.3962563321       16.9625703892
H           -11.9859459528        0.6395934293       17.6724274499
C           -11.4997129739        2.4763157661       16.6504618637
C           -11.9247497559        3.4455966656       15.7398426386
H           -11.2971624438        4.2869460760       15.4615081774
C             3.0930606148        3.3277822848       15.1694656116
H             2.7679195126        4.0906158078       14.4631024166
C             2.2566874533        2.2696584711       15.4867522404
H             1.2623064707        2.1864548241       15.0560575507
C            -7.6440639376        0.4690533447       17.8551196916
H            -8.0375081792       -0.1700407653       18.6451257523
H            -7.1913581838       -0.1393155276       17.0547813398
H            -8.4513582401        1.0891703931       17.4445692540
C            -9.4780174513        3.6533805172       17.1269736656
H            -8.5990134115        3.4929688029       17.7553985767
H           -10.0236019277        4.5469248744       17.4729735028
H            -9.1561477508        3.7859083012       16.0854356524
O             5.5017570283        1.6945097184       10.2840542983
O             0.9942239139        1.5375879646        8.7040294544
O            -2.6443626519        0.3317595693        7.5028886437
N             8.3178015489        2.8502519249        6.6706188170
C             2.7702505033        4.0955918562        6.5347084190
H             3.2151264774        3.2634648733        5.9935999878
C             1.9251092056        4.9759176492        5.8850371180
H             1.6807256451        4.8420603264        4.8311053170
C             1.3206757873        0.4161166658        6.5589548128
H             0.6145389297        1.0486238586        6.0303573700
C             1.5993766527        0.6143280321        7.9123240410
C             2.5241073313        5.4076556220        8.5624923292
H             2.7312993197        5.5656446878        9.6176510036
C             3.0736055194        4.2995468111        7.9060971715
C             3.8954740799        3.4029585823        8.6827472590
H             4.0542852308        3.6714999203        9.7281151774
C             4.4666510730        2.2649313432        8.2259187014
H             4.3303102635        1.9789835809        7.1883452632
C             5.3578966815        1.4580160939        9.0669546537
C             6.1006645439        0.3532874400        8.4217256635
C             6.9278550064        5.1737587100        9.2176345189
H             6.9850599991        5.3916074935       10.2827562138
C             7.6648176719        4.1464536793        8.6590307359
H             8.3060782030        3.5322719787        9.2856814531
C             7.5913394339        3.8769829031        7.2774332888
C             6.7367675664        4.6622589628        6.4837014779
H             6.6585006216        4.4510292985        5.4196343531
C             6.0262827832        0.0765961628        7.0414487078
H             5.3977246830        0.6760698853        6.3890092137
C             9.5302342117        2.6460840641        7.0637019363
H            10.0177533048        3.3129195361        7.7925097433
C            10.3448885855        1.5299779386        6.6107751714
C            -4.6804370886        1.4189436679        7.1821628592
H            -4.3463033728        2.1756065707        7.8920199199
C            -3.8600703939        0.3388842339        6.8700543237
C            -4.2851071759        5.0000033344        5.9594350986
H            -3.6575198638        4.1586539240        5.6811006474
C            10.7327031948        5.1178177152        5.3890580816
H            10.4075620926        4.3549841922        4.6826948866
C             9.8963300333        0.5455415289        5.7063447004
H             8.9019490507        0.6287451759        5.2756500207
C            -0.0044213576        2.3461466553        8.0747121616
H            -0.3978655992        2.9852407653        8.8647182223
H             0.4482843962        2.9545155276        7.2743738098
H            -0.8117156601        1.7260296069        7.6641617240
C            -1.8383748713        4.7922194828        7.3465661356
H            -0.9593708315        4.9526311971        7.9749910367
H            -2.3839593477        3.8986751256        7.6925659728
H            -1.5165051708        4.6596916988        6.3050281224
O           -12.1236847683        4.5097097184       19.0571682917
O             7.6631335061        4.3527879646        1.0763780756
O            11.3017200719        3.1469595693        2.2775188863
N             0.3395558711        0.0350519249        3.1097887130
C             5.8871069167        1.2803918562        3.2456991210
H             5.4422309426        0.4482648733        3.7868075522
C             6.7322482144        2.1607176492        3.8953704120
H             6.9766317749        2.0268603264        4.9493022230
C             7.3366816327        3.2313166658        3.2214527172
H             8.0428184903        3.8638238586        3.7500501600
C             7.0579807673        3.4295280321        1.8680834990
C             6.1332500887        2.5924556220        1.2179152008
H             5.9260581003        2.7504446878        0.1627565264
C             5.5837519006        1.4843468111        1.8743103585
C             4.7618833401        0.5877585823        1.0976602810
H             4.6030721892        0.8562999203        0.0522923626
C             4.1907063470        5.0801313432        1.5544888386
H             4.3270471565        4.7941835809        2.5920622668
C             3.2994607385        4.2732160939        0.7134528763
C             2.5566928761        3.1684874400        1.3586818665
C             1.7295024136        2.3585587100        0.5627730111
H           -13.6069877391        2.5764074935       19.0584663862
C             0.9925397481        1.3312536793        1.1213768041
H             0.3512792170        0.7170719787        0.4947260769
C             1.0660179861        1.0617829031        2.5029742412
C             1.9205898536        1.8470589628        3.2967060621
H             1.9988568084        1.6358292985        4.3607731769
C             2.6310746368        2.8917961628        2.7389588222
H             3.2596327370        3.4912698853        3.3913983163
C            -0.8728767917        5.4612840641        2.7167055937
H            -1.3603958848        0.4977195361        1.9878977867
C            -1.6875311655        4.3451779386        3.1696323586
C            13.3377945086        4.2341436679        2.5982446808
H            13.0036607928        4.9908065707        1.8883876101
C            12.5174278139        3.1540842339        2.9103532063
C            12.9424645959        2.1848033344        3.8209724314
H            12.3148772938        1.3434539240        4.0993068926
C            -2.0753457748        2.3026177152        4.3913494484
H            -1.7502046726        1.5397841922        5.0977126434
C            -1.2389726133        3.3607415289        4.0740628296
H            -0.2445916307        3.4439451759        4.5047575093
C             8.6617787776        5.1613466553        1.7056953684
H             9.0552230192        5.8004407653        0.9156893177
H             8.2090730238        5.7697155276        2.5060337202
H             9.4690730801        4.5412296069        2.1162458160
C            10.4957322913        1.9770194828        2.4338413944
H             9.6167282515        2.1374311971        1.8054164933
H            11.0413167677        1.0834751256        2.0878415672
H            10.1738625908        1.8444916988        3.4753794076
