#       Energy(Ry)            Total                 X                  Y                   Z
      0.21508526E+00      0.36911798E-06      0.20304387E-06      0.23384990E-07      0.14268912E-06
      0.21489502E+00      0.18147357E-05      0.17795451E-07      0.17936443E-05      0.32959735E-08
      0.21480823E+00      0.17733400E-01      0.75032930E-06      0.17732122E-01      0.52777609E-06
      0.21459641E+00      0.35628060E-01      0.21804831E-01      0.25470051E-06      0.13822974E-01
      0.21748703E+00      0.27153711E-07      0.20484934E-08      0.20979393E-07      0.41258253E-08
      0.21789271E+00      0.31746488E-05      0.67792859E-09      0.31729096E-05      0.10612245E-08
      0.21800263E+00      0.84766679E-02      0.96256513E-08      0.84766580E-02      0.23541983E-09
      0.21833949E+00      0.50615425E-05      0.32325547E-05      0.10100925E-06      0.17279786E-05
      0.21838754E+00      0.13757406E-01      0.87874464E-02      0.12109294E-06      0.49698382E-02
      0.21354377E+00      0.63851131E-02      0.88740745E-08      0.63851006E-02      0.36448603E-08
      0.21328059E+00      0.17636907E-01      0.10477281E-01      0.58509817E-09      0.71596249E-02
      0.21877117E+00      0.40183957E-06      0.39637569E-06      0.21071773E-08      0.33567015E-08
      0.21888684E+00      0.32783996E-02      0.32344496E-02      0.74206126E-08      0.43942603E-04
      0.21284476E+00      0.14940124E-07      0.10208405E-07      0.47316804E-08      0.37881841E-13
      0.21261573E+00      0.15715479E-07      0.32235356E-08      0.57477257E-08      0.67442182E-08
