#       Energy(Ry)            Total                 X                  Y                   Z
      0.15000000E+00      0.18054040E-01      0.77569724E-02      0.56946471E-02      0.46024206E-02
      0.15100000E+00      0.18742268E-01      0.80524591E-02      0.59112933E-02      0.47785157E-02
      0.15200000E+00      0.19465196E-01      0.83628330E-02      0.61388356E-02      0.49635273E-02
      0.15300000E+00      0.20225119E-01      0.86890786E-02      0.63779928E-02      0.51580480E-02
      0.15400000E+00      0.21024525E-01      0.90322619E-02      0.66295437E-02      0.53627198E-02
      0.15500000E+00      0.21866110E-01      0.93935390E-02      0.68943319E-02      0.55782390E-02
      0.15600000E+00      0.22752800E-01      0.97741646E-02      0.71732737E-02      0.58053618E-02
      0.15700000E+00      0.23687778E-01      0.10175503E-01      0.74673646E-02      0.60449106E-02
      0.15800000E+00      0.24674508E-01      0.10599039E-01      0.77776880E-02      0.62977811E-02
      0.15900000E+00      0.25716767E-01      0.11046392E-01      0.81054250E-02      0.65649501E-02
      0.16000000E+00      0.26818678E-01      0.11519329E-01      0.84518643E-02      0.68474843E-02
      0.16100000E+00      0.27984747E-01      0.12019782E-01      0.88184147E-02      0.71465507E-02
      0.16200000E+00      0.29219912E-01      0.12549866E-01      0.92066185E-02      0.74634277E-02
      0.16300000E+00      0.30529588E-01      0.13111903E-01      0.96181668E-02      0.77995180E-02
      0.16400000E+00      0.31919723E-01      0.13708442E-01      0.10054917E-01      0.81563636E-02
      0.16500000E+00      0.33396864E-01      0.14342289E-01      0.10518912E-01      0.85356624E-02
      0.16600000E+00      0.34968230E-01      0.15016537E-01      0.11012406E-01      0.89392873E-02
      0.16700000E+00      0.36641795E-01      0.15734603E-01      0.11537883E-01      0.93693081E-02
      0.16800000E+00      0.38426384E-01      0.16500270E-01      0.12098097E-01      0.98280171E-02
      0.16900000E+00      0.40331785E-01      0.17317730E-01      0.12696097E-01      0.10317958E-01
      0.17000000E+00      0.42368874E-01      0.18191644E-01      0.13335272E-01      0.10841958E-01
      0.17100000E+00      0.44549766E-01      0.19127203E-01      0.14019394E-01      0.11403169E-01
      0.17200000E+00      0.46887984E-01      0.20130201E-01      0.14752671E-01      0.12005112E-01
      0.17300000E+00      0.49398660E-01      0.21207121E-01      0.15539811E-01      0.12651729E-01
      0.17400000E+00      0.52098767E-01      0.22365233E-01      0.16386090E-01      0.13347443E-01
      0.17500000E+00      0.55007393E-01      0.23612717E-01      0.17297442E-01      0.14097234E-01
      0.17600000E+00      0.58146063E-01      0.24958793E-01      0.18280550E-01      0.14906720E-01
      0.17700000E+00      0.61539120E-01      0.26413888E-01      0.19342971E-01      0.15782260E-01
      0.17800000E+00      0.65214172E-01      0.27989831E-01      0.20493269E-01      0.16731072E-01
      0.17900000E+00      0.69202630E-01      0.29700076E-01      0.21741180E-01      0.17761374E-01
      0.18000000E+00      0.73540346E-01      0.31559981E-01      0.23097811E-01      0.18882554E-01
      0.18100000E+00      0.78268383E-01      0.33587136E-01      0.24575873E-01      0.20105375E-01
      0.18200000E+00      0.83433942E-01      0.35801761E-01      0.26189963E-01      0.21442218E-01
      0.18300000E+00      0.89091481E-01      0.38227182E-01      0.27956914E-01      0.22907385E-01
      0.18400000E+00      0.95304084E-01      0.40890424E-01      0.29896202E-01      0.24517457E-01
      0.18500000E+00      0.10214513E+00      0.43822924E-01      0.32030465E-01      0.26291746E-01
      0.18600000E+00      0.10970037E+00      0.47061411E-01      0.34386126E-01      0.28252837E-01
      0.18700000E+00      0.11807045E+00      0.50649005E-01      0.36994169E-01      0.30427277E-01
      0.18800000E+00      0.12737411E+00      0.54636579E-01      0.39891105E-01      0.32846422E-01
      0.18900000E+00      0.13775214E+00      0.59084462E-01      0.43120177E-01      0.35547501E-01
      0.19000000E+00      0.14937246E+00      0.64064603E-01      0.46732886E-01      0.38574973E-01
      0.19100000E+00      0.16243646E+00      0.69663308E-01      0.50790919E-01      0.41982237E-01
      0.19200000E+00      0.17718722E+00      0.75984759E-01      0.55368618E-01      0.45833845E-01
      0.19300000E+00      0.19392005E+00      0.83155544E-01      0.60556161E-01      0.50208342E-01
      0.19400000E+00      0.21299623E+00      0.91330560E-01      0.66463687E-01      0.55201983E-01
      0.19500000E+00      0.23486105E+00      0.10070075E+00      0.73226695E-01      0.60933607E-01
      0.19600000E+00      0.26006761E+00      0.11150334E+00      0.81013170E-01      0.67551095E-01
      0.19700000E+00      0.28930856E+00      0.12403550E+00      0.90033062E-01      0.75239996E-01
      0.19800000E+00      0.32345879E+00      0.13867266E+00      0.10055100E+00      0.84235134E-01
      0.19900000E+00      0.36363323E+00      0.15589341E+00      0.11290347E+00      0.94836360E-01
      0.20000000E+00      0.41126556E+00      0.17631334E+00      0.12752219E+00      0.10743003E+00
      0.20100000E+00      0.46821588E+00      0.20073139E+00      0.14496609E+00      0.12251840E+00
      0.20200000E+00      0.53691811E+00      0.23019316E+00      0.16596506E+00      0.14075989E+00
      0.20300000E+00      0.62058005E+00      0.26607689E+00      0.19147954E+00      0.16302362E+00
      0.20400000E+00      0.72344964E+00      0.31020742E+00      0.22278053E+00      0.19046169E+00
      0.20500000E+00      0.85115256E+00      0.36499998E+00      0.26155273E+00      0.22459984E+00
      0.20600000E+00      0.10110740E+01      0.43362022E+00      0.31001655E+00      0.26743720E+00
      0.20700000E+00      0.12126625E+01      0.52010451E+00      0.37104104E+00      0.32151695E+00
      0.20800000E+00      0.14672947E+01      0.62927650E+00      0.44815969E+00      0.38985854E+00
      0.20900000E+00      0.17868175E+01      0.76606566E+00      0.54526219E+00      0.47548964E+00
      0.21000000E+00      0.21790116E+01      0.93345955E+00      0.66548005E+00      0.58007198E+00
      0.21100000E+00      0.26376461E+01      0.11281280E+01      0.80851675E+00      0.70100143E+00
      0.21200000E+00      0.31273652E+01      0.13340476E+01      0.96606557E+00      0.82725198E+00
      0.21300000E+00      0.35736599E+01      0.15189641E+01      0.11174555E+01      0.93724032E+00
      0.21400000E+00      0.38795688E+01      0.16429033E+01      0.12319190E+01      0.10047466E+01
      0.21500000E+00      0.39763605E+01      0.16802445E+01      0.12825389E+01      0.10135771E+01
      0.21600000E+00      0.38679596E+01      0.16365507E+01      0.12628406E+01      0.96856827E+00
      0.21700000E+00      0.36148936E+01      0.15385868E+01      0.11869325E+01      0.88937437E+00
      0.21800000E+00      0.32774980E+01      0.14089908E+01      0.10742350E+01      0.79427219E+00
      0.21900000E+00      0.28919407E+01      0.12576275E+01      0.94102298E+00      0.69329018E+00
      0.22000000E+00      0.24882078E+01      0.10928182E+01      0.80257770E+00      0.59281195E+00
      0.22100000E+00      0.21003287E+01      0.92844975E+00      0.67266442E+00      0.49921455E+00
      0.22200000E+00      0.17553930E+01      0.77832426E+00      0.55971545E+00      0.41735327E+00
      0.22300000E+00      0.14650014E+01      0.64991499E+00      0.46611139E+00      0.34897502E+00
      0.22400000E+00      0.12280381E+01      0.54428611E+00      0.39042530E+00      0.29332670E+00
      0.22500000E+00      0.10372588E+01      0.45897557E+00      0.32977005E+00      0.24851316E+00
      0.22600000E+00      0.88400782E+00      0.39042026E+00      0.28113839E+00      0.21244917E+00
      0.22700000E+00      0.76039765E+00      0.33518391E+00      0.24192949E+00      0.18328425E+00
      0.22800000E+00      0.65995907E+00      0.29038154E+00      0.21006112E+00      0.15951641E+00
      0.22900000E+00      0.57762633E+00      0.25373078E+00      0.18392167E+00      0.13997388E+00
      0.23000000E+00      0.50950848E+00      0.22347134E+00      0.16228000E+00      0.12375714E+00
      0.23100000E+00      0.45263357E+00      0.19825744E+00      0.14419782E+00      0.11017830E+00
      0.23200000E+00      0.40472778E+00      0.17706014E+00      0.12895761E+00      0.98710027E-01
      0.23300000E+00      0.36404192E+00      0.15908914E+00      0.11600718E+00      0.88945601E-01
      0.23400000E+00      0.32922022E+00      0.14373308E+00      0.10491819E+00      0.80568949E-01
      0.23500000E+00      0.29920307E+00      0.13051518E+00      0.95355541E-01      0.73332344E-01
      0.23600000E+00      0.27315503E+00      0.11906035E+00      0.87054741E-01      0.67039935E-01
      0.23700000E+00      0.25041171E+00      0.10907091E+00      0.79805247E-01      0.61535551E-01
      0.23800000E+00      0.23044027E+00      0.10030862E+00      0.73438038E-01      0.56693614E-01
      0.23900000E+00      0.21280987E+00      0.92581199E-01      0.67816334E-01      0.52412337E-01
      0.24000000E+00      0.19716946E+00      0.85732272E-01      0.62828600E-01      0.48608588E-01
      0.24100000E+00      0.18323089E+00      0.79633692E-01      0.58383221E-01      0.45213977E-01
      0.24200000E+00      0.17075600E+00      0.74179707E-01      0.54404432E-01      0.42171859E-01
      0.24300000E+00      0.15954665E+00      0.69282468E-01      0.50829166E-01      0.39435015E-01
      0.24400000E+00      0.14943698E+00      0.64868532E-01      0.47604606E-01      0.36963842E-01
      0.24500000E+00      0.14028735E+00      0.60876143E-01      0.44686265E-01      0.34724937E-01
      0.24600000E+00      0.13197951E+00      0.57253076E-01      0.42036464E-01      0.32689972E-01
      0.24700000E+00      0.12441287E+00      0.53954936E-01      0.39623132E-01      0.30834801E-01
      0.24800000E+00      0.11750137E+00      0.50943794E-01      0.37418831E-01      0.29138744E-01
      0.24900000E+00      0.11117109E+00      0.48187095E-01      0.35399988E-01      0.27584009E-01
      0.25000000E+00      0.10535825E+00      0.45656774E-01      0.33546253E-01      0.26155220E-01
      0.25100000E+00      0.10000756E+00      0.43328527E-01      0.31839993E-01      0.24839039E-01
      0.25200000E+00      0.95070948E-01      0.41181233E-01      0.30265867E-01      0.23623848E-01
      0.25300000E+00      0.90506427E-01      0.39196461E-01      0.28810476E-01      0.22499490E-01
      0.25400000E+00      0.86277207E-01      0.37358071E-01      0.27462080E-01      0.21457056E-01
      0.25500000E+00      0.82350943E-01      0.35651883E-01      0.26210356E-01      0.20488705E-01
      0.25600000E+00      0.78699104E-01      0.34065395E-01      0.25046197E-01      0.19587512E-01
      0.25700000E+00      0.75296446E-01      0.32587552E-01      0.23961547E-01      0.18747347E-01
      0.25800000E+00      0.72120571E-01      0.31208552E-01      0.22949255E-01      0.17962763E-01
      0.25900000E+00      0.69151547E-01      0.29919676E-01      0.22002961E-01      0.17228911E-01
      0.26000000E+00      0.66371593E-01      0.28713147E-01      0.21116987E-01      0.16541459E-01
      0.26100000E+00      0.63764803E-01      0.27582014E-01      0.20286257E-01      0.15896532E-01
      0.26200000E+00      0.61316914E-01      0.26520047E-01      0.19506218E-01      0.15290649E-01
      0.26300000E+00      0.59015108E-01      0.25521647E-01      0.18772779E-01      0.14720682E-01
      0.26400000E+00      0.56847840E-01      0.24581774E-01      0.18082254E-01      0.14183812E-01
      0.26500000E+00      0.54804685E-01      0.23695880E-01      0.17431317E-01      0.13677489E-01
      0.26600000E+00      0.52876217E-01      0.22859852E-01      0.16816957E-01      0.13199407E-01
      0.26700000E+00      0.51053888E-01      0.22069963E-01      0.16236449E-01      0.12747476E-01
      0.26800000E+00      0.49329938E-01      0.21322830E-01      0.15687314E-01      0.12319794E-01
      0.26900000E+00      0.47697307E-01      0.20615376E-01      0.15167299E-01      0.11914632E-01
      0.27000000E+00      0.46149559E-01      0.19944796E-01      0.14674352E-01      0.11530411E-01
      0.27100000E+00      0.44680818E-01      0.19308532E-01      0.14206596E-01      0.11165690E-01
      0.27200000E+00      0.43285713E-01      0.18704245E-01      0.13762317E-01      0.10819151E-01
      0.27300000E+00      0.41959322E-01      0.18129791E-01      0.13339946E-01      0.10489585E-01
      0.27400000E+00      0.40697130E-01      0.17583206E-01      0.12938041E-01      0.10175883E-01
      0.27500000E+00      0.39494991E-01      0.17062685E-01      0.12555280E-01      0.98770259E-02
      0.27600000E+00      0.38349087E-01      0.16566568E-01      0.12190445E-01      0.95920749E-02
      0.27700000E+00      0.37255905E-01      0.16093326E-01      0.11842414E-01      0.93201655E-02
      0.27800000E+00      0.36212200E-01      0.15641548E-01      0.11510153E-01      0.90604993E-02
      0.27900000E+00      0.35214977E-01      0.15209933E-01      0.11192706E-01      0.88123388E-02
      0.28000000E+00      0.34261465E-01      0.14797274E-01      0.10889189E-01      0.85750012E-02
      0.28100000E+00      0.33349096E-01      0.14402458E-01      0.10598784E-01      0.83478544E-02
      0.28200000E+00      0.32475493E-01      0.14024450E-01      0.10320731E-01      0.81303119E-02
      0.28300000E+00      0.31638447E-01      0.13662290E-01      0.10054327E-01      0.79218290E-02
      0.28400000E+00      0.30835905E-01      0.13315088E-01      0.97989174E-02      0.77218996E-02
      0.28500000E+00      0.30065959E-01      0.12982014E-01      0.95538925E-02      0.75300526E-02
      0.28600000E+00      0.29326830E-01      0.12662295E-01      0.93186859E-02      0.73458491E-02
      0.28700000E+00      0.28616862E-01      0.12355213E-01      0.90927690E-02      0.71688799E-02
      0.28800000E+00      0.27934507E-01      0.12060095E-01      0.88756488E-02      0.69987630E-02
      0.28900000E+00      0.27278322E-01      0.11776316E-01      0.86668646E-02      0.68351415E-02
      0.29000000E+00      0.26646956E-01      0.11503288E-01      0.84659860E-02      0.66776817E-02
      0.29100000E+00      0.26039145E-01      0.11240463E-01      0.82726101E-02      0.65260713E-02
      0.29200000E+00      0.25453706E-01      0.10987329E-01      0.80863595E-02      0.63800174E-02
      0.29300000E+00      0.24889529E-01      0.10743402E-01      0.79068806E-02      0.62392456E-02
      0.29400000E+00      0.24345573E-01      0.10508233E-01      0.77338415E-02      0.61034985E-02
      0.29500000E+00      0.23820861E-01      0.10281396E-01      0.75669306E-02      0.59725340E-02
      0.29600000E+00      0.23314474E-01      0.10062494E-01      0.74058553E-02      0.58461249E-02
      0.29700000E+00      0.22825549E-01      0.98511513E-02      0.72503401E-02      0.57240572E-02
      0.29800000E+00      0.22353271E-01      0.96470160E-02      0.71001260E-02      0.56061295E-02
      0.29900000E+00      0.21896877E-01      0.94497559E-02      0.69549687E-02      0.54921521E-02
      0.30000000E+00      0.21455643E-01      0.92590579E-02      0.68146384E-02      0.53819462E-02
      0.30100000E+00      0.21028888E-01      0.90746270E-02      0.66789181E-02      0.52753430E-02
      0.30200000E+00      0.20615970E-01      0.88961845E-02      0.65476028E-02      0.51721831E-02
      0.30300000E+00      0.20216283E-01      0.87234673E-02      0.64204992E-02      0.50723161E-02
      0.30400000E+00      0.19829251E-01      0.85562267E-02      0.62974244E-02      0.49755996E-02
      0.30500000E+00      0.19454332E-01      0.83942274E-02      0.61782055E-02      0.48818990E-02
      0.30600000E+00      0.19091013E-01      0.82372471E-02      0.60626789E-02      0.47910869E-02
      0.30700000E+00      0.18738807E-01      0.80850748E-02      0.59506896E-02      0.47030426E-02
      0.30800000E+00      0.18397254E-01      0.79375110E-02      0.58420908E-02      0.46176517E-02
      0.30900000E+00      0.18065915E-01      0.77943663E-02      0.57367433E-02      0.45348056E-02
      0.31000000E+00      0.17744378E-01      0.76554612E-02      0.56345150E-02      0.44544016E-02
      0.31100000E+00      0.17432248E-01      0.75206252E-02      0.55352806E-02      0.43763419E-02
      0.31200000E+00      0.17129151E-01      0.73896964E-02      0.54389210E-02      0.43005336E-02
      0.31300000E+00      0.16834733E-01      0.72625210E-02      0.53453231E-02      0.42268885E-02
      0.31400000E+00      0.16548655E-01      0.71389528E-02      0.52543794E-02      0.41553227E-02
      0.31500000E+00      0.16270597E-01      0.70188528E-02      0.51659875E-02      0.40857565E-02
      0.31600000E+00      0.16000253E-01      0.69020885E-02      0.50800502E-02      0.40181138E-02
      0.31700000E+00      0.15737331E-01      0.67885340E-02      0.49964747E-02      0.39523223E-02
      0.31800000E+00      0.15481555E-01      0.66780691E-02      0.49151727E-02      0.38883130E-02
      0.31900000E+00      0.15232660E-01      0.65705794E-02      0.48360600E-02      0.38260202E-02
      0.32000000E+00      0.14990393E-01      0.64659558E-02      0.47590563E-02      0.37653813E-02
      0.32100000E+00      0.14754516E-01      0.63640942E-02      0.46840851E-02      0.37063363E-02
      0.32200000E+00      0.14524797E-01      0.62648952E-02      0.46110733E-02      0.36488282E-02
      0.32300000E+00      0.14301017E-01      0.61682639E-02      0.45399510E-02      0.35928025E-02
      0.32400000E+00      0.14082969E-01      0.60741098E-02      0.44706517E-02      0.35382070E-02
      0.32500000E+00      0.13870450E-01      0.59823462E-02      0.44031115E-02      0.34849920E-02
      0.32600000E+00      0.13663270E-01      0.58928903E-02      0.43372696E-02      0.34331098E-02
      0.32700000E+00      0.13461245E-01      0.58056629E-02      0.42730677E-02      0.33825148E-02
      0.32800000E+00      0.13264202E-01      0.57205881E-02      0.42104500E-02      0.33331634E-02
      0.32900000E+00      0.13071971E-01      0.56375935E-02      0.41493632E-02      0.32850139E-02
      0.33000000E+00      0.12884392E-01      0.55566095E-02      0.40897560E-02      0.32380263E-02
      0.33100000E+00      0.12701312E-01      0.54775696E-02      0.40315796E-02      0.31921623E-02
      0.33200000E+00      0.12522582E-01      0.54004100E-02      0.39747870E-02      0.31473851E-02
      0.33300000E+00      0.12348062E-01      0.53250694E-02      0.39193331E-02      0.31036595E-02
      0.33400000E+00      0.12177616E-01      0.52514893E-02      0.38651749E-02      0.30609518E-02
      0.33500000E+00      0.12011114E-01      0.51796134E-02      0.38122709E-02      0.30192294E-02
      0.33600000E+00      0.11848430E-01      0.51093875E-02      0.37605813E-02      0.29784613E-02
      0.33700000E+00      0.11689446E-01      0.50407600E-02      0.37100681E-02      0.29386176E-02
      0.33800000E+00      0.11534045E-01      0.49736809E-02      0.36606944E-02      0.28996696E-02
      0.33900000E+00      0.11382117E-01      0.49081023E-02      0.36124252E-02      0.28615896E-02
      0.34000000E+00      0.11233556E-01      0.48439784E-02      0.35652265E-02      0.28243513E-02
      0.34100000E+00      0.11088260E-01      0.47812648E-02      0.35190659E-02      0.27879290E-02
      0.34200000E+00      0.10946129E-01      0.47199190E-02      0.34739120E-02      0.27522983E-02
      0.34300000E+00      0.10807070E-01      0.46599002E-02      0.34297346E-02      0.27174355E-02
      0.34400000E+00      0.10670992E-01      0.46011689E-02      0.33865050E-02      0.26833180E-02
      0.34500000E+00      0.10537806E-01      0.45436872E-02      0.33441950E-02      0.26499239E-02
      0.34600000E+00      0.10407429E-01      0.44874186E-02      0.33027780E-02      0.26172321E-02
      0.34700000E+00      0.10279778E-01      0.44323280E-02      0.32622280E-02      0.25852224E-02
      0.34800000E+00      0.10154777E-01      0.43783815E-02      0.32225201E-02      0.25538751E-02
      0.34900000E+00      0.10032348E-01      0.43255465E-02      0.31836302E-02      0.25231716E-02
      0.35000000E+00      0.99124202E-02      0.42737915E-02      0.31455352E-02      0.24930935E-02
      0.35100000E+00      0.97949224E-02      0.42230861E-02      0.31082129E-02      0.24636234E-02
      0.35200000E+00      0.96797870E-02      0.41734012E-02      0.30716415E-02      0.24347443E-02
      0.35300000E+00      0.95669488E-02      0.41247083E-02      0.30358004E-02      0.24064401E-02
      0.35400000E+00      0.94563447E-02      0.40769804E-02      0.30006695E-02      0.23786948E-02
      0.35500000E+00      0.93479139E-02      0.40301910E-02      0.29662295E-02      0.23514935E-02
      0.35600000E+00      0.92415976E-02      0.39843148E-02      0.29324616E-02      0.23248212E-02
      0.35700000E+00      0.91373389E-02      0.39393272E-02      0.28993477E-02      0.22986640E-02
      0.35800000E+00      0.90350831E-02      0.38952045E-02      0.28668705E-02      0.22730081E-02
      0.35900000E+00      0.89347772E-02      0.38519239E-02      0.28350131E-02      0.22478402E-02
      0.36000000E+00      0.88363699E-02      0.38094632E-02      0.28037591E-02      0.22231476E-02
      0.36100000E+00      0.87398117E-02      0.37678009E-02      0.27730929E-02      0.21989179E-02
      0.36200000E+00      0.86450547E-02      0.37269164E-02      0.27429991E-02      0.21751391E-02
      0.36300000E+00      0.85520525E-02      0.36867897E-02      0.27134632E-02      0.21517997E-02
      0.36400000E+00      0.84607605E-02      0.36474013E-02      0.26844707E-02      0.21288884E-02
      0.36500000E+00      0.83711350E-02      0.36087326E-02      0.26560079E-02      0.21063945E-02
      0.36600000E+00      0.82831343E-02      0.35707655E-02      0.26280615E-02      0.20843074E-02
      0.36700000E+00      0.81967176E-02      0.35334822E-02      0.26006184E-02      0.20626170E-02
      0.36800000E+00      0.81118456E-02      0.34968658E-02      0.25736663E-02      0.20413134E-02
      0.36900000E+00      0.80284801E-02      0.34609000E-02      0.25471930E-02      0.20203872E-02
      0.37000000E+00      0.79465842E-02      0.34255686E-02      0.25211867E-02      0.19998290E-02
      0.37100000E+00      0.78661222E-02      0.33908562E-02      0.24956361E-02      0.19796299E-02
      0.37200000E+00      0.77870592E-02      0.33567479E-02      0.24705300E-02      0.19597813E-02
      0.37300000E+00      0.77093617E-02      0.33232290E-02      0.24458579E-02      0.19402748E-02
      0.37400000E+00      0.76329972E-02      0.32902856E-02      0.24216093E-02      0.19211022E-02
      0.37500000E+00      0.75579339E-02      0.32579040E-02      0.23977743E-02      0.19022556E-02
      0.37600000E+00      0.74841411E-02      0.32260709E-02      0.23743430E-02      0.18837273E-02
      0.37700000E+00      0.74115893E-02      0.31947734E-02      0.23513060E-02      0.18655099E-02
      0.37800000E+00      0.73402493E-02      0.31639991E-02      0.23286540E-02      0.18475962E-02
      0.37900000E+00      0.72700934E-02      0.31337359E-02      0.23063783E-02      0.18299791E-02
      0.38000000E+00      0.72010941E-02      0.31039720E-02      0.22844701E-02      0.18126519E-02
      0.38100000E+00      0.71332252E-02      0.30746961E-02      0.22629211E-02      0.17956080E-02
      0.38200000E+00      0.70664610E-02      0.30458970E-02      0.22417231E-02      0.17788409E-02
      0.38300000E+00      0.70007765E-02      0.30175639E-02      0.22208681E-02      0.17623444E-02
      0.38400000E+00      0.69361476E-02      0.29896865E-02      0.22003485E-02      0.17461125E-02
      0.38500000E+00      0.68725507E-02      0.29622546E-02      0.21801569E-02      0.17301393E-02
      0.38600000E+00      0.68099630E-02      0.29352582E-02      0.21602858E-02      0.17144190E-02
      0.38700000E+00      0.67483624E-02      0.29086879E-02      0.21407284E-02      0.16989462E-02
      0.38800000E+00      0.66877271E-02      0.28825342E-02      0.21214776E-02      0.16837153E-02
      0.38900000E+00      0.66280363E-02      0.28567882E-02      0.21025269E-02      0.16687212E-02
      0.39000000E+00      0.65692695E-02      0.28314410E-02      0.20838698E-02      0.16539587E-02
      0.39100000E+00      0.65114068E-02      0.28064840E-02      0.20654999E-02      0.16394229E-02
      0.39200000E+00      0.64544290E-02      0.27819089E-02      0.20474111E-02      0.16251090E-02
      0.39300000E+00      0.63983172E-02      0.27577076E-02      0.20295974E-02      0.16110122E-02
      0.39400000E+00      0.63430532E-02      0.27338721E-02      0.20120531E-02      0.15971280E-02
      0.39500000E+00      0.62886192E-02      0.27103949E-02      0.19947724E-02      0.15834519E-02
      0.39600000E+00      0.62349979E-02      0.26872684E-02      0.19777499E-02      0.15699796E-02
      0.39700000E+00      0.61821723E-02      0.26644853E-02      0.19609802E-02      0.15567068E-02
      0.39800000E+00      0.61301262E-02      0.26420385E-02      0.19444581E-02      0.15436295E-02
      0.39900000E+00      0.60788434E-02      0.26199213E-02      0.19281785E-02      0.15307437E-02
      0.40000000E+00      0.60283085E-02      0.25981267E-02      0.19121364E-02      0.15180454E-02
      0.40100000E+00      0.59785063E-02      0.25766483E-02      0.18963271E-02      0.15055308E-02
      0.40200000E+00      0.59294219E-02      0.25554797E-02      0.18807458E-02      0.14931964E-02
      0.40300000E+00      0.58810410E-02      0.25346147E-02      0.18653880E-02      0.14810383E-02
      0.40400000E+00      0.58333496E-02      0.25140472E-02      0.18502492E-02      0.14690532E-02
      0.40500000E+00      0.57863340E-02      0.24937713E-02      0.18353250E-02      0.14572377E-02
      0.40600000E+00      0.57399808E-02      0.24737813E-02      0.18206112E-02      0.14455882E-02
      0.40700000E+00      0.56942770E-02      0.24540715E-02      0.18061038E-02      0.14341018E-02
      0.40800000E+00      0.56492101E-02      0.24346365E-02      0.17917985E-02      0.14227750E-02
      0.40900000E+00      0.56047675E-02      0.24154709E-02      0.17776917E-02      0.14116049E-02
      0.41000000E+00      0.55609374E-02      0.23965696E-02      0.17637793E-02      0.14005885E-02
      0.41100000E+00      0.55177078E-02      0.23779274E-02      0.17500576E-02      0.13897227E-02
      0.41200000E+00      0.54750673E-02      0.23595394E-02      0.17365231E-02      0.13790048E-02
      0.41300000E+00      0.54330048E-02      0.23414008E-02      0.17231722E-02      0.13684319E-02
      0.41400000E+00      0.53915094E-02      0.23235068E-02      0.17100013E-02      0.13580012E-02
      0.41500000E+00      0.53505702E-02      0.23058529E-02      0.16970072E-02      0.13477101E-02
      0.41600000E+00      0.53101771E-02      0.22884346E-02      0.16841864E-02      0.13375561E-02
      0.41700000E+00      0.52703197E-02      0.22712474E-02      0.16715358E-02      0.13275365E-02
      0.41800000E+00      0.52309882E-02      0.22542871E-02      0.16590522E-02      0.13176488E-02
      0.41900000E+00      0.51921729E-02      0.22375496E-02      0.16467326E-02      0.13078907E-02
      0.42000000E+00      0.51538643E-02      0.22210306E-02      0.16345739E-02      0.12982598E-02
      0.42100000E+00      0.51160532E-02      0.22047263E-02      0.16225731E-02      0.12887537E-02
      0.42200000E+00      0.50787306E-02      0.21886328E-02      0.16107275E-02      0.12793703E-02
      0.42300000E+00      0.50418877E-02      0.21727462E-02      0.15990343E-02      0.12701072E-02
      0.42400000E+00      0.50055158E-02      0.21570628E-02      0.15874906E-02      0.12609624E-02
      0.42500000E+00      0.49696065E-02      0.21415790E-02      0.15760939E-02      0.12519336E-02
      0.42600000E+00      0.49341516E-02      0.21262913E-02      0.15648414E-02      0.12430190E-02
      0.42700000E+00      0.48991431E-02      0.21111961E-02      0.15537307E-02      0.12342163E-02
      0.42800000E+00      0.48645732E-02      0.20962901E-02      0.15427593E-02      0.12255238E-02
      0.42900000E+00      0.48304340E-02      0.20815700E-02      0.15319246E-02      0.12169394E-02
      0.43000000E+00      0.47967182E-02      0.20670325E-02      0.15212244E-02      0.12084613E-02
      0.43100000E+00      0.47634184E-02      0.20526744E-02      0.15106563E-02      0.12000876E-02
      0.43200000E+00      0.47305273E-02      0.20384928E-02      0.15002180E-02      0.11918165E-02
      0.43300000E+00      0.46980381E-02      0.20244844E-02      0.14899073E-02      0.11836463E-02
      0.43400000E+00      0.46659437E-02      0.20106464E-02      0.14797220E-02      0.11755753E-02
      0.43500000E+00      0.46342376E-02      0.19969759E-02      0.14696600E-02      0.11676017E-02
      0.43600000E+00      0.46029130E-02      0.19834699E-02      0.14597191E-02      0.11597240E-02
      0.43700000E+00      0.45719637E-02      0.19701259E-02      0.14498974E-02      0.11519404E-02
      0.43800000E+00      0.45413832E-02      0.19569409E-02      0.14401928E-02      0.11442495E-02
      0.43900000E+00      0.45111654E-02      0.19439125E-02      0.14306034E-02      0.11366496E-02
      0.44000000E+00      0.44813044E-02      0.19310379E-02      0.14211272E-02      0.11291393E-02
      0.44100000E+00      0.44517942E-02      0.19183146E-02      0.14117625E-02      0.11217171E-02
      0.44200000E+00      0.44226290E-02      0.19057402E-02      0.14025072E-02      0.11143816E-02
      0.44300000E+00      0.43938031E-02      0.18933121E-02      0.13933598E-02      0.11071312E-02
      0.44400000E+00      0.43653111E-02      0.18810281E-02      0.13843183E-02      0.10999648E-02
      0.44500000E+00      0.43371475E-02      0.18688857E-02      0.13753811E-02      0.10928807E-02
      0.44600000E+00      0.43093071E-02      0.18568827E-02      0.13665465E-02      0.10858779E-02
      0.44700000E+00      0.42817845E-02      0.18450168E-02      0.13578129E-02      0.10789548E-02
      0.44800000E+00      0.42545747E-02      0.18332858E-02      0.13491785E-02      0.10721104E-02
      0.44900000E+00      0.42276728E-02      0.18216876E-02      0.13406419E-02      0.10653432E-02
      0.45000000E+00      0.42010738E-02      0.18102201E-02      0.13322015E-02      0.10586521E-02
      0.45100000E+00      0.41747729E-02      0.17988812E-02      0.13238557E-02      0.10520360E-02
      0.45200000E+00      0.41487655E-02      0.17876689E-02      0.13156031E-02      0.10454935E-02
      0.45300000E+00      0.41230470E-02      0.17765811E-02      0.13074423E-02      0.10390236E-02
      0.45400000E+00      0.40976128E-02      0.17656161E-02      0.12993717E-02      0.10326251E-02
      0.45500000E+00      0.40724585E-02      0.17547717E-02      0.12913899E-02      0.10262969E-02
      0.45600000E+00      0.40475799E-02      0.17440462E-02      0.12834957E-02      0.10200380E-02
