Wavelength(nm)  Oscillator strength(a.u.)
531.5569045 2.36E-02
531.0651711	6.71E-13
525.2479043	1.40E-04
524.4969693	6.34E-16
519.3325739	7.28E-02
519.1629753	7.06E-16
516.9660762	5.73E-17
516.0560004	9.17E-03
509.1022557	1.77E-14
508.7617805	3.32E-04
503.1160737	6.93E-12
503.0466779	5.41E-03
494.7907315	1.91E-02
494.0455558	1.56E-13
491.9112338	3.53E-16
491.4472328	3.55E-02
491.1299554	1.16E-14
491.0327131	5.58E-03
488.3812525	2.01E-13
487.3696581	3.42E-02
486.9065336	1.93E-02
485.7963338	2.81E-14
483.153904	6.31E-04
481.8471845	2.34E-16
480.0582264	2.94E-04
479.9671764	1.12E-13
477.8880432	1.53E-03
477.4648158	1.07E-14
474.4431988	5.15E-14
473.5517527	6.25E-02
473.4125409	3.23E-15
471.6066192	2.02E-02
469.924812	2.76E-14
469.1105815	2.64E-01
469.0786388	2.68E-12
468.9030316	3.59E-01
465.0290643	1.91E-02
464.7519387	6.17E-13
461.4399905	6.81E-03
461.3043753	3.76E-13
460.6856786	2.65E-02
460.456446	9.13E-02
460.1249759	6.91E-14
459.4651677	6.40E-14
458.6918405	1.07E-14
458.1038196	1.79E-12
458.0259819	8.01E-03
457.9380233	3.69E-02
457.5814606	1.99E-02
457.4177294	4.41E-13
456.2564161	1.92E-15
455.8220236	1.41E-02
455.7918649	1.37E-12
455.7064369	1.10E-05
454.270694	7.08E-17
453.7387709	5.19E-03
443.7398682	2.08E-13
443.4336065	1.59E-13
443.4145783	1.27E-02
443.0707663	2.65E-03
427.6274951	8.37E-16
427.0075381	6.36E-15
423.4321911	4.61E-01
421.7930969	2.24E-12
420.863993	1.79E+00
417.896766	4.36E-03
416.5644852	8.17E-14
415.4952938	9.30E-01
412.7115147	2.19E-14
411.465281	2.47E-01
411.4215943	9.08E-14
410.6912198	2.99E-02
407.9162061	5.02E-14
407.5622518	3.25E-03
403.295313	1.29E-02
403.2166281	3.49E-12
399.8361961	1.46E-15
399.1630452	5.08E-03
398.2924816	7.53E-15
397.9537475	8.41E-03
397.7520593	2.99E-15
396.1598058	8.74E-03
395.9169468	7.33E-04
395.7362609	7.29E-04
395.4283382	3.10E-02
395.2090465	1.09E-14
395.1926724	2.46E-13
394.9925143	8.02E-03
394.4584944	2.15E-15
393.8070663	6.34E-15
393.3623279	1.37E-14
393.0693007	1.14E-02
393.0356616	1.55E-02
392.2883699	3.99E-03
392.1258598	1.44E-13
392.0018968	1.60E-14
391.6045047	6.30E-02
390.8934437	5.76E-14
389.1184897	3.95E-04
388.7512932	9.13E-03
388.7147335	2.59E-12
388.3203267	1.31E-14
387.7835667	7.92E-03
387.4709397	7.84E-15
387.1237641	5.97E-16
386.9437683	2.62E-03
386.7651462	5.60E-03
386.6168222	3.20E-15
383.9449101	1.33E-15
383.8569576	2.70E-16
383.161889	9.65E-03
382.682978	1.68E-14
382.6274782	9.39E-03
382.3997434	7.75E-03
382.3219274	7.38E-16
381.6406238	3.37E-04
379.4590261	4.21E-02
379.3638313	3.47E-14
379.236206	3.31E-03
379.1457601	8.80E-15
378.9152024	4.07E-03
378.4595476	1.35E-15
376.8848039	5.58E-03
376.2763811	6.89E-13
376.2044611	1.43E-02
375.845273	6.64E-03
375.7632691	1.43E-14
375.5936803	2.17E-03
375.3197028	1.47E-15
374.8545171	5.74E-16
374.7740777	3.85E-14
374.6653694	2.24E-16
374.3543143	1.61E-02
373.9275968	5.74E-15
373.7630403	2.22E-04
373.2455203	2.00E-02
372.3276483	1.34E-02
372.2739937	3.56E-15
372.2348802	3.19E-14
372.156678	1.29E-03
371.0552932	5.29E-02
369.9813816	8.72E-15
369.2058501	1.14E-03
369.0739815	1.38E-14
368.4029139	2.01E-15
368.0180448	7.70E-15
367.991833	3.30E-04
367.2757323	6.38E-17
367.0919802	2.07E-02
366.2268007	4.68E-04
366.2138216	1.03E-02
365.8518595	4.34E-15
362.7767636	1.02E-14
362.2902588	2.70E-01
361.9222743	1.74E-01
361.2432595	7.57E-02
360.9908617	1.85E-14
360.8332921	3.38E-13
360.7451132	1.11E-01
360.5332403	1.92E-02
360.1719531	1.15E-14
360.1332493	4.66E-13
359.9513485	7.91E-02
359.0445939	1.61E-14
349.3302157	7.78E-04
349.1767595	2.18E-03
348.3106931	1.93E-16
348.1444463	5.82E-16
345.9821429	5.42E-17
344.4693228	2.38E-15
343.2982099	5.79E-02
342.4402179	1.59E-02
338.2931474	1.34E-03
337.7283411	7.41E-02
337.2415275	1.38E-16
336.6994225	6.20E-15
333.3306452	7.07E-03
333.326165	2.29E-15
333.2025603	1.64E-14
332.3933393	5.89E-16
332.2909046	1.70E-02
332.2214631	7.20E-03
331.5649867	4.88E-02
331.1116808	1.29E-03
330.2527499	1.15E-16
329.9908454	1.97E-15
328.0779132	4.40E-02
327.5388886	1.74E-14
327.4740134	8.84E-03
327.0387172	4.35E-02
326.7043958	1.10E-13
326.2762929	1.67E-16
325.99837	8.23E-16
325.5866467	5.60E-03
324.6226262	6.11E-18
323.8265856	4.10E-03
323.7023192	6.41E-02
323.0470633	8.12E-16
322.5688971	2.60E-14
321.1395274	3.66E-08
321.0065107	8.78E-02
320.7374893	6.68E-14
320.4515265	8.21E-04
320.2429714	2.26E-15
319.4748246	1.08E-02
318.9562927	1.59E-17
317.5456792	2.98E-02
317.2272294	9.50E-03
316.1031618	1.14E-16
315.7578443	1.16E-03
315.5882795	6.84E-16
315.0486547	1.45E-02
315.0142392	3.46E-12
314.9990347	4.18E-02
314.3577848	1.46E-02
314.2892627	7.11E-14
313.8239448	9.14E-04
313.6786666	1.87E-14
313.0332926	1.80E-17
312.8903244	1.28E-15
312.6702035	5.73E-15
312.6370939	4.09E-15
312.3386355	3.52E-03
312.2214557	5.89E-17
312.0485991	6.17E-15
311.9182975	5.85E-02
311.8045689	4.91E-03
311.6016324	4.17E-02
311.4693567	1.25E-14
311.1543828	8.04E-02
311.0201461	3.22E-14
310.9983046	3.95E-16
310.9678875	3.71E-03
310.694402	1.05E-13
310.6438093	2.45E-03
310.387208	3.84E-02
310.1667146	5.02E-17
309.9256179	5.28E-14
309.6477757	1.43E-01
309.5465144	1.76E-02
309.4113449	3.46E-02
309.3688875	1.55E-13
309.3210403	4.94E-13
308.8210755	1.05E-01
308.778011	1.98E-13
308.2637047	2.46E-02
308.2376512	9.15E-15
307.7556916	1.07E-03
307.3750174	1.30E-02
307.302651	5.38E-16
307.0979246	1.48E-02
307.0713074	7.59E-02
306.8441083	9.53E-02
306.6597091	1.15E-03
306.4164595	8.58E-16
306.1033049	8.90E-16
305.7553513	2.08E-15
305.6950495	5.20E-03
305.4458031	7.32E-16
305.2104845	1.61E-15
304.8458193	8.55E-15
304.5253947	3.04E-02
304.3034396	6.86E-14
303.2377971	2.35E-16
303.1940515	2.83E-02
302.9888383	5.81E-03
302.8149581	4.00E-03
302.7513752	2.82E-13
302.5224025	1.37E-02
302.4987863	3.38E-12
302.3416851	4.72E-02
302.0448926	1.60E-14
301.6627945	3.73E-16
301.234088	1.04E-02
301.2289656	4.07E-02
301.1506871	5.55E-14
300.7299978	6.99E-14
300.6556232	1.71E-02
300.4261691	2.88E-02
300.0467008	5.86E-03
300.003871	1.01E-14
299.9334825	3.71E-03
299.7065776	4.94E-14
299.4380707	4.01E-12
299.4286708	5.32E-03
299.2689632	1.76E-03
299.2090265	6.88E-15
299.1520006	1.29E-14
299.0308026	6.71E-05
298.8592734	4.42E-02
298.6692359	1.20E-16
298.4262827	1.27E-16
298.2002174	6.59E-02
298.1937634	4.80E-05
298.0905378	2.02E-14
297.9351174	2.26E-15
297.8184796	4.39E-02
297.6812074	9.71E-14
297.6576265	8.28E-15
297.5033709	1.53E-02
297.2345204	6.61E-02
297.141214	3.20E-02
297.1376538	1.85E-13
296.6088519	6.19E-14
296.5201921	9.82E-16
296.519483	4.95E-13
296.4372545	5.52E-02
296.3359494	1.24E-15
296.2552382	1.66E-15
295.7951762	9.18E-15
295.6738622	6.86E-02
295.6216996	1.94E-02
295.5399682	2.54E-12
295.5294028	3.94E-02
295.3281	5.36E-14
295.1565758	9.60E-16
295.0484213	5.45E-01
294.9747249	1.17E-14
294.5592064	2.52E-02
294.4486923	7.57E-02
293.9078125	4.47E-02
293.8381663	8.27E-15
293.7309756	2.83E-16
293.3765512	5.15E-03
293.0125948	6.49E-02
292.4259325	1.39E-16
292.3135676	1.51E-14
292.2302114	3.29E-02
292.1152442	3.92E-03
291.8952002	1.21E-14
291.7928553	7.27E-03
291.7846159	4.75E-15
291.5239414	8.73E-03
290.8435871	5.03E-02
290.7535676	7.87E-14
290.3539274	1.58E-02
290.3484884	1.42E-14
290.277121	9.85E-04
289.8611705	4.95E-16
289.6979665	1.01E-14
289.3714339	2.44E-06
289.2829981	5.26E-16
289.1608971	2.45E-02
288.7770525	8.04E-03
288.6909959	3.40E-03
288.4814476	1.88E-15
288.0920408	9.55E-16
288.0559014	7.05E-02
288.0418497	1.09E-12
287.6943387	1.29E-02
287.6436188	3.31E-02
287.2790963	2.29E-02
287.1101438	1.20E-15
287.0955195	2.88E-15
286.9194798	8.06E-16
286.5773193	1.72E-03
286.5627492	5.26E-02
286.3443753	1.59E-14
286.2115288	1.49E-02
285.970605	2.32E-14
285.8993957	5.71E-03
285.6622873	2.07E-02
285.6366241	2.05E-14
285.4111186	1.58E-14
285.0240547	1.86E-01
284.9448034	9.81E-03
284.8714862	7.28E-14
284.5844722	4.58E-02
284.2276572	1.82E-15
283.7210473	4.59E-15
283.5426366	1.13E-02
283.3217187	3.27E-14
283.0404017	2.16E-02
283.0384636	1.12E-13
282.8686531	1.58E-02
282.6294568	1.23E-15
282.5972511	1.35E-14
282.5277116	2.20E-02
282.2640307	2.01E-03
281.9303132	1.19E-14
281.832914	3.04E-03
281.6376777	3.61E-16
281.4836002	1.96E-02
281.3194791	2.39E-02
281.0357527	3.25E-15
281.0026355	1.14E-14
280.4807984	3.07E-03
280.4782607	8.61E-15
280.3641116	2.84E-04
280.1860978	1.26E-02
279.9488868	7.22E-04
279.9242399	1.03E-14
279.8743274	2.74E-16
279.8092784	1.22E-16
279.7922317	4.04E-16
279.4750377	2.23E-02
279.4561423	1.04E-03
279.159819	2.47E-02
279.0894482	3.00E-15
278.9845861	9.45E-18
278.9732883	1.34E-14
278.6729773	5.81E-03
278.6109894	1.44E-03
278.5196233	3.82E-15
278.4045622	1.09E-15
278.3458177	1.29E-14
278.1753492	1.49E-03
277.9701899	6.77E-02
277.5601567	2.85E-16
277.1389427	2.38E-15
277.0640152	2.61E-02
277.016974	4.19E-17
276.7844786	3.77E-03
276.3742375	2.56E-15
276.0088234	8.30E-16
275.8939855	4.21E-12
275.8903025	3.23E-02
275.8007117	5.75E-03
275.4723017	4.52E-15
275.3462924	1.05E-02
275.0586163	3.34E-16
274.9902977	1.37E-16
274.8592455	9.84E-04
274.5683299	8.09E-02
274.5063314	6.97E-04
274.3174694	2.41E-03
273.7161828	2.91E-15
273.6690635	7.69E-15
273.617734	3.17E-02
273.2613745	1.13E-02
272.8032736	4.74E-02
272.6485165	3.59E-02
272.6365271	2.92E-03
272.5262746	1.75E-02
272.332949	3.91E-14
272.1900765	3.94E-13
272.1751403	8.65E-03
272.0360141	5.74E-16
271.6754267	5.31E-02
271.6040189	1.53E-13
271.4898443	1.49E-15
271.483306	2.21E-02
271.4256633	7.69E-15
271.3045153	1.28E-02
271.2125388	1.27E-14
271.0317348	2.55E-15
270.8357905	3.70E-04
270.835199	6.12E-12
270.6489901	4.18E-15
270.6052829	1.91E-03
270.5645416	2.32E-15
270.4689364	4.42E-14
270.3386209	6.09E-02
270.2755721	7.85E-15
270.2467091	9.30E-03
270.0889551	1.19E-03
270.0683665	8.47E-15
269.9384366	2.16E-15
269.9337356	1.18E-03
269.8485584	6.56E-02
269.7153198	2.89E-16
269.6273489	6.24E-03
269.5722497	1.22E-14
269.4662178	4.65E-03
269.4187941	3.72E-15
269.3807501	2.78E-03
269.3105433	9.47E-15
269.2462192	1.45E-06
269.2064705	6.72E-03
269.1462853	5.35E-13
269.1240879	1.20E-03
268.8510088	1.45E-15
268.8236149	1.83E-02
268.4924151	3.14E-15
268.4261568	4.40E-03
268.4110499	9.70E-13
268.3872308	2.14E-02
268.3425089	1.89E-13
268.029293	2.51E-03
268.020603	1.91E-02
267.9238923	2.94E-03
267.9059477	2.38E-12
267.9042113	6.13E-02
267.9013173	1.68E-11
267.7514921	1.46E-16
267.6642196	5.52E-03
267.5770039	3.45E-14
267.5648791	3.89E-03
267.4217737	1.87E-15
267.3174265	2.07E-03
267.2955297	1.28E-13
267.1066747	5.05E-15
266.8284852	3.53E-03
266.7934653	4.80E-02
266.7659151	7.59E-13
266.7165685	1.51E-02
266.6666667	9.54E-03
266.6139172	6.94E-15
266.3173042	8.62E-15
266.2721258	6.92E-16
